종목코드
005560,
101380,
114140,
064900,
028780,
085450,
000470,
000980,
028930,
014740,
019930,
016390,
014080,
004130,
009030,
004420,
001830,
083390,
083120,
029230,
000090,
010530,
035590,
028400,
008890,
004740,
029150,
003400,
003940,
000730,
007910,
011450,
004190,
028980,
018690,
000010,
008190,
012190,
082260,
083580,
083590,
083620,
034180,
003190,
001970,
017300,
012720,
900030,
002850,
008640,
029110,
012050,
007050,
012260,
005020,
012500,
000610,
034380,
005600,
008990,
013890,
094950,
004620,
028560,
090970,
019300,
140890,
014590,
063350,
028360,
034580,
028380,
028750,
010150,
014430,
007190,
010220,
007000,
010970,
000930,
025850,
016510,
029890,
010520,
010460,
010030,
037730,
900010,
042300,
038380,
207930,
066270,
008050,
019120,
206660,
034650,
035980,
024860,
037510,
034600,
088020,
037010,
054150,
036280,
051960,
005650,
027700,
123550,
013650,
018860,
011860,
034470,
040860,
036880,
085680,
034510,
040260,
035320,
036310,
047890,
039210,
040950,
046820,
015060,
034160,
037770,
038940,
060410,
025270,
047940,
058370,
040020,
064060,
002830,
034320,
034270,
008430,
017160,
013730,
049990,
087220,
111610,
099660,
018910,
036650,
042470,
021570,
046430,
045470,
061140,
074150,
001910,
052270,
005370,
045880,
037190,
045310,
034980,
045400,
047450,
023710,
012540,
052640,
044370,
030030,
033850,
036610,
043630,
037640,
065410,
035680,
016170,
011920,
038410,
034350,
025460,
058690,
057330,
044740,
024660,
240540,
014340,
012350,
007850,
021060,
036020,
026950,
030700,
019640,
272420,
167380,
246830,
242850,
091270,
062580,
001250,
082740,
001390,
011070,
010060,
001740,
096770,
011810,
024070,
011420,
267290,
012320,
010130,
002240,
014530,
013700,
003920,
090350,
004440,
014160,
003220,
002880,
005880,
023450,
000640,
001520,
000400,
023530,
027740,
204210,
009200,
001270,
006400,
207940,
068290,
029780,
000810,
000070,
005680,
003720,
001290,
007610,
136490,
091090,
006880,
019170,
293940,
055550,
011090,
012280,
105840,
005820,
008600,
033270,
047400,
088260,
023800,
249420,
194370,
271980,
001560,
002620,
089590,
018470,
002600,
001630,
071320,
088790,
007810,
192820,
120110,
138490,
020120,
003240,
004100,
003670,
039130,
036460,
006200,
002300,
023350,
104700,
168490,
060980,
128940,
105630,
009180,
300720,
002220,
002320,
009460,
027390,
000720,
267270,
012330,
004560,
057050,
111110,
008770,
298040,
051500,
083660,
130500,
083450,
024120,
083470,
060250,
089230,
032540,
051390,
094480,
307280,
089600,
085910,
007390,
031390,
142280,
012340,
085670,
078140,
071460,
010170,
054670,
023910,
213420,
206560,
066900,
092070,
039840,
033130,
263020,
290550,
016100,
038290,
005990,
257370,
250060,
049950,
213090,
008470,
054220,
023600,
009300,
080470,
214310,
011560,
258830,
299660,
208370,
253840,
008800,
049830,
217330,
208640,
136510,
036170,
040910,
031310,
119830,
096610,
061040,
196170,
085810,
205500,
131400,
121890,
112240,
160600,
096630,
098660,
021080,
089970,
064510,
230360,
247540,
036810,
205100,
061970,
138690,
090740,
007530,
045060,
048260,
138080,
049480,
226950,
153710,
019210,
122870,
082850,
014190,
008290,
095270,
065950,
036090,
206650,
084370,
191410,
215790,
080010,
047560,
102710,
095190,
049550,
079370,
126880,
094970,
080220,
034940,
036930,
065060,
106080,
109820,
004650,
042040,
054410,
220260,
009730,
069110,
166480,
121850,
126600,
045340,
108230,
105550,
026150,
037070,
150900,
065690,
032800,
005670,
007330,
195440,
203690,
032580,
024850,
319660,
270520,
200470,
222980,
063570,
041460,
222810,
078350,
007770,
086960,
279410,
076610,
900270,
039610,
204630,
200670,
183350,
244880,
270020,
200350,
302550,
260870,
208890,
246250,
064850,
084440,
279060,
211050,
120780,
314130,
258050,
191600,
266870,
008810,
108890,
008020,
002940,
028580,
023130,
013040,
028450,
006070,
011470,
029060,
001110,
004260,
007410,
000200,
003110,
001350,
009050,
001980,
028410,
088010,
030710,
008980,
002740,
005890,
034370,
004010,
028860,
037480,
008750,
029080,
029170,
014900,
016500,
000830,
011540,
008720,
028350,
028990,
003260,
028550,
005980,
028540,
015580,
083600,
083610,
004530,
119250,
028520,
053000,
028770,
031060,
024100,
950070,
002910,
004330,
016490,
005330,
009690,
090990,
070540,
073530,
015880,
016680,
008900,
028640,
035040,
035050,
002860,
004210,
004350,
000450,
005660,
003500,
012400,
083160,
012830,
011720,
017070,
039720,
050470,
026230,
065310,
037110,
090730,
023920,
071360,
036850,
019430,
023140,
044750,
007090,
026970,
007930,
000380,
040180,
037250,
025690,
004480,
018720,
023020,
033330,
036970,
035880,
040520,
039920,
051810,
039220,
034960,
063680,
040270,
033300,
003700,
079870,
000550,
158380,
034260,
008010,
004520,
068770,
054010,
049790,
037060,
031920,
026900,
023780,
012650,
041550,
099830,
038420,
056010,
013780,
047710,
059720,
038690,
068420,
052210,
039040,
037530,
051990,
221200,
032150,
225440,
034330,
046840,
090120,
011890,
155960,
035270,
032570,
222390,
066340,
036590,
055810,
045050,
036900,
067950,
037240,
049690,
002750,
039580,
208870,
007560,
025450,
036720,
044570,
008860,
022610,
124050,
058480,
038960,
165270,
179440,
245030,
251540,
144740,
027410,
138930,
000590,
114090,
006360,
105560,
034220,
064960,
001380,
034730,
011790,
014280,
002990,
214330,
004270,
251270,
006370,
000210,
009190,
047040,
001070,
084010,
001790,
016090,
007590,
102260,
082640,
018500,
042670,
016740,
024090,
107590,
035150,
002410,
002760,
000890,
003960,
008040,
014710,
001470,
003230,
023000,
001880,
021050,
004360,
004490,
058650,
067830,
004430,
031430,
005800,
002700,
004770,
020560,
122900,
003560,
078520,
036570,
014440,
111770,
003520,
000670,
015360,
016880,
002920,
000220,
000100,
005950,
015020,
014990,
008500,
120030,
185750,
272450,
011000,
030200,
005420,
071950,
192400,
015590,
006890,
009410,
214420,
084870,
091810,
019490,
000080,
071050,
017960,
024720,
000240,
034830,
047810,
004710,
051600,
101530,
267250,
001450,
006060,
000850,
016580,
298020,
054620,
035760,
058820,
065770,
037370,
036640,
297570,
046440,
122450,
114450,
065150,
024940,
950110,
036120,
184230,
063440,
950180,
289080,
192410,
063080,
900280,
014200,
026910,
006050,
060480,
187790,
039860,
293580,
042420,
089140,
126870,
214870,
144960,
900100,
020400,
007720,
045390,
290120,
078600,
096350,
263600,
100130,
099410,
281740,
088130,
104460,
110990,
214680,
033430,
227100,
050120,
217500,
238120,
227950,
267980,
127160,
041920,
021880,
059210,
080160,
118990,
028040,
100790,
201490,
206640,
177350,
250000,
251630,
033560,
141000,
082920,
032850,
072950,
014970,
225190,
065570,
082660,
032280,
002290,
037460,
032750,
046390,
101000,
091580,
089980,
042940,
038070,
018680,
189860,
178320,
015750,
017510,
066910,
058530,
115570,
025870,
323280,
101240,
047920,
013990,
052710,
092040,
038880,
290740,
174900,
275630,
041510,
288620,
088800,
028300,
073540,
273060,
319400,
183490,
170920,
179290,
032790,
115960,
265560,
036000,
053280,
046120,
065500,
057680,
109080,
041190,
073560,
066590,
032940,
012620,
086390,
263770,
195990,
067920,
044960,
073490,
088390,
036260,
900110,
091120,
060150,
216050,
150840,
115310,
039290,
234920,
040420,
072520,
090470,
052670,
023440,
239340,
228760,
043610,
111820,
094850,
071850,
115500,
025880,
047770,
080530,
078650,
049430,
041960,
033290,
056360,
200130,
225650,
043590,
110790,
311270,
219130,
191420,
131970,
079970,
033830,
043200,
038950,
106240,
225590,
068050,
222110,
093380,
002230,
057880,
067310,
307160,
136480,
013030,
039340,
017890,
080720,
037230,
264290,
220180,
170030,
011080,
028080,
112190,
284610,
229500,
176750,
148780,
217320,
270210,
179720,
065370,
230400,
225220,
308700,
222670,
284420,
021960,
000170,
009840,
028740,
011840,
002730,
007380,
060000,
028970,
007230,
006270,
028510,
105380,
009280,
014390,
036390,
009940,
015730,
028890,
012220,
001400,
001090,
012270,
021310,
000330,
001690,
025840,
015650,
001030,
001190,
005790,
009990,
092630,
029250,
002530,
005280,
003930,
008270,
002930,
014450,
005580,
028950,
011960,
016560,
014300,
018020,
001580,
004660,
001160,
008670,
016350,
032710,
082240,
008440,
028590,
016260,
029100,
036870,
028610,
011510,
067910,
013070,
029140,
016570,
950010,
034850,
002130,
027840,
011820,
027460,
006150,
012710,
114410,
012670,
049370,
080570,
036760,
045800,
038760,
033630,
035970,
053740,
009220,
035780,
038770,
018840,
006000,
037540,
081970,
038990,
050350,
085990,
031990,
006300,
045380,
008330,
016040,
053200,
043040,
039540,
036400,
088700,
039500,
034820,
035310,
042950,
035960,
038280,
066690,
007830,
035400,
022060,
035530,
025150,
047600,
033040,
081220,
033020,
036910,
017050,
043680,
007990,
019230,
065340,
039530,
078780,
036780,
009010,
020070,
035940,
026220,
032930,
068630,
095300,
207720,
040130,
037670,
015390,
011870,
040670,
038020,
039390,
071530,
060670,
032180,
032030,
036790,
017010,
077960,
056850,
900020,
038710,
060840,
053320,
037700,
058900,
035030,
042570,
014420,
039520,
025080,
049130,
035910,
007840,
045920,
242420,
110660,
222520,
181980,
224090,
237720,
001040,
037560,
012630,
294870,
025000,
000040,
001120,
023150,
034120,
101060,
017670,
002710,
037270,
004200,
005320,
002720,
001570,
001260,
002070,
002350,
005250,
072710,
058730,
084690,
069620,
006650,
004830,
026960,
028100,
030790,
006040,
003160,
013570,
007340,
026890,
088980,
015540,
090370,
017180,
009680,
134380,
096300,
005180,
018260,
010140,
016360,
002170,
002810,
009770,
248170,
003080,
306200,
134790,
011930,
031440,
001720,
001770,
102280,
183190,
161000,
298690,
138250,
181710,
000910,
011330,
001200,
003460,
003120,
001550,
063160,
010580,
051630,
109070,
044820,
005070,
007980,
078000,
004870,
036580,
016800,
005810,
099340,
071090,
005430,
004090,
002200,
123890,
025890,
020000,
004150,
011700,
097230,
012450,
005440,
093240,
094280,
298000,
005870,
211270,
322780,
299170,
950170,
021320,
036670,
151860,
219550,
104200,
046140,
178920,
052260,
052300,
024910,
121440,
049080,
121600,
041140,
217270,
194700,
039560,
068240,
104040,
262830,
005710,
290380,
017680,
025950,
032960,
073190,
127120,
134580,
113810,
043360,
068930,
171010,
033600,
090360,
900260,
012700,
277070,
147760,
086900,
078160,
140410,
100030,
087260,
064520,
064550,
044480,
043150,
019010,
014100,
014470,
064480,
200780,
138580,
238200,
111870,
054090,
024950,
017480,
006730,
079650,
140070,
045300,
049180,
268600,
032680,
035610,
020710,
025320,
215600,
065350,
056000,
323230,
222420,
099320,
049960,
115530,
036010,
078860,
059120,
067160,
041590,
030270,
900080,
056190,
054630,
298380,
003800,
072990,
109960,
083500,
096870,
123040,
067170,
067900,
074600,
104830,
030530,
008370,
196700,
069080,
053580,
044340,
112040,
097800,
900340,
264450,
078070,
179900,
263050,
039020,
302430,
054210,
086890,
033230,
049070,
049630,
022220,
026040,
058420,
089790,
101730,
263860,
086060,
036890,
050110,
323940,
024880,
052400,
046070,
123410,
182360,
139670,
065130,
051360,
117730,
064760,
130740,
046210,
034230,
208340,
140860,
038160,
119500,
053610,
237750,
128660,
161580,
284620,
291210,
023760,
050540,
039670,
070300,
221610,
046110,
123840,
317320,
016790,
026180,
086250,
145020,
037440,
199150,
220110,
225850,
214610,
199290,
135270,
185190,
232830,
245450,
260970,
086460,
299670,
217910,
203400,
251960,
232530,
135160,
205290,
116100,
277880,
309900,
176560,
107640,
014040,
032390,
011650,
016420,
006590,
008100,
006320,
192520,
028910,
028840,
007790,
015340,
028730,
029090,
089170,
089200,
028850,
016430,
005900,
122290,
005040,
004600,
076850,
008120,
037620,
079660,
028420,
028440,
029050,
029070,
006750,
012250,
028720,
019380,
012300,
008650,
005100,
081190,
003290,
028530,
004390,
000030,
015550,
003640,
013090,
001170,
028830,
001490,
009400,
064420,
090980,
022520,
029020,
011940,
009080,
008480,
103160,
036060,
008320,
000840,
028820,
028430,
025830,
028880,
016550,
001920,
014150,
018410,
028790,
068060,
046810,
038370,
016990,
046320,
071660,
065810,
048760,
007140,
013850,
064910,
105070,
072530,
037200,
025090,
027610,
008340,
014210,
041500,
054120,
055000,
022510,
080140,
051710,
045260,
017620,
039270,
038310,
048660,
039050,
018890,
053890,
052540,
044410,
034570,
034560,
038580,
044890,
002480,
018230,
041320,
063280,
012010,
026250,
008920,
044240,
051070,
044440,
056500,
012360,
033260,
039000,
037340,
088960,
052810,
072430,
025970,
037180,
046350,
066930,
036500,
035930,
071930,
081500,
048460,
098400,
054440,
074000,
053330,
002190,
016620,
004320,
039160,
047610,
110500,
015910,
041630,
060750,
017740,
025220,
036600,
061050,
033030,
032970,
035950,
204650,
037410,
052350,
046930,
048140,
076090,
043690,
027350,
052290,
048270,
065610,
060910,
035160,
034920,
006540,
029470,
034440,
034430,
026930,
061460,
194860,
199870,
144630,
138290,
151750,
256090,
095570,
000990,
069730,
039570,
096760,
092230,
044450,
093050,
108670,
051910,
079550,
006260,
035420,
005940,
008260,
002360,
210980,
001510,
000660,
035250,
012610,
009140,
008870,
092440,
024110,
074610,
008350,
019680,
008110,
005750,
012800,
001130,
024900,
001230,
002690,
000020,
092200,
210540,
032350,
004000,
004990,
071840,
094800,
009580,
033920,
007120,
155900,
005030,
028260,
005930,
001360,
004380,
000520,
005500,
004450,
007860,
004980,
002420,
013000,
021820,
068270,
004970,
005390,
112610,
090430,
002030,
002310,
010780,
018250,
012750,
140910,
015260,
085310,
004250,
009970,
017370,
010400,
049800,
103130,
014830,
003470,
011690,
008250,
084680,
004910,
000480,
013870,
009310,
002380,
152330,
003070,
144620,
031820,
284740,
012170,
001020,
005490,
058430,
099350,
293480,
003350,
002390,
010420,
001750,
130660,
003480,
180640,
009830,
004020,
241520,
254120,
264850,
276920,
099220,
307070,
057500,
036490,
038340,
073570,
079940,
039240,
267320,
043650,
204620,
019660,
091970,
051490,
242040,
138610,
033640,
144510,
036480,
303030,
108380,
140520,
131220,
090410,
005160,
086450,
005290,
078590,
109740,
196450,
131180,
171120,
067730,
082800,
131100,
042500,
100590,
215200,
241770,
006920,
310200,
207760,
053030,
032980,
148140,
083650,
143240,
073640,
027580,
263810,
042600,
093920,
065710,
043260,
024830,
068760,
050960,
094840,
253450,
017000,
066790,
264660,
096530,
246720,
067390,
154030,
227610,
052460,
038680,
073070,
080440,
041910,
138360,
176440,
044780,
038110,
054940,
217820,
256630,
083310,
037950,
019590,
097520,
082210,
122990,
072470,
153490,
192390,
089850,
024800,
178780,
272290,
065440,
226360,
094190,
099750,
119610,
051370,
058450,
065530,
065620,
122310,
187420,
159580,
033100,
019570,
033320,
082270,
054180,
114570,
066360,
047820,
043290,
093320,
105330,
033110,
078940,
104540,
036690,
089890,
222040,
241710,
029960,
950160,
052330,
115180,
016600,
900250,
104480,
081150,
049120,
043090,
027710,
056730,
023900,
051380,
241820,
031980,
087600,
023890,
271740,
054040,
005860,
054920,
097870,
090710,
311840,
114920,
216400,
210120,
236030,
270660,
140660,
233990,
140290,
278990,
150440,
076170,
002550,
003450,
018590,
002610,
045820,
950100,
034770,
000900,
134000,
029000,
000800,
006610,
002050,
021170,
003660,
028800,
015980,
029260,
028630,
005060,
028920,
004290,
084240,
089190,
080980,
002470,
006600,
012760,
009890,
012420,
002440,
028600,
029130,
005350,
029190,
002010,
108070,
002180,
000360,
001600,
012090,
004610,
004230,
007800,
104120,
028870,
003320,
014490,
009380,
081930,
002250,
012470,
001890,
038400,
029240,
029980,
138440,
028620,
006510,
014010,
010510,
001590,
007200,
011050,
099210,
026870,
090540,
034840,
101990,
001310,
034990,
004940,
002000,
009720,
011260,
012910,
017170,
006210,
053870,
007640,
044400,
024930,
025340,
045080,
022770,
010670,
008680,
058550,
089240,
028090,
950030,
014660,
045240,
036430,
008410,
031960,
034750,
074130,
030420,
004790,
010920,
037430,
020860,
036040,
088810,
040940,
035330,
121950,
034450,
056710,
035790,
037490,
033880,
033720,
015200,
015050,
013320,
033210,
021220,
066300,
011520,
003860,
037650,
050600,
020620,
037280,
014270,
016310,
054530,
037040,
035500,
084810,
023430,
008030,
040740,
038320,
037630,
014090,
032610,
039110,
018740,
036550,
053250,
048640,
058680,
034970,
060550,
101970,
012460,
026260,
016230,
050640,
036220,
001990,
010810,
054790,
030970,
036920,
039170,
024080,
232270,
039990,
000870,
045870,
049850,
036210,
039850,
008170,
035410,
082390,
039870,
021660,
048540,
019530,
043890,
023580,
044070,
037120,
041940,
032380,
006520,
006860,
032050,
066060,
189700,
233190,
252940,
103650,
160350,
185280,
229480,
235090,
187770,
068400,
282330,
097950,
016610,
139130,
017940,
078930,
089470,
092220,
001940,
003550,
229640,
100840,
003570,
036530,
010950,
006120,
005610,
013580,
006280,
008060,
042660,
192080,
012510,
145720,
016380,
049770,
241560,
034020,
192650,
001530,
280360,
001080,
005360,
008420,
085620,
003650,
001340,
007210,
003000,
015350,
100220,
006660,
032830,
009150,
009470,
007540,
008490,
075580,
145210,
017550,
035510,
034300,
009270,
007460,
271560,
316140,
010050,
006980,
010600,
093230,
034590,
000230,
020760,
020150,
004700,
002780,
012600,
035720,
009070,
053210,
003690,
005740,
001420,
028670,
090080,
009540,
010100,
053690,
009240,
069640,
014680,
018880,
064350,
011200,
017800,
307950,
003010,
002460,
010690,
004800,
079980,
060310,
023460,
068790,
024840,
060720,
052900,
036030,
060370,
040610,
049470,
048550,
048770,
078890,
053950,
011040,
098460,
038530,
090150,
053270,
066620,
078130,
900070,
308100,
036800,
091590,
253590,
095660,
153460,
285490,
060260,
064260,
032190,
008830,
007680,
048910,
041930,
228340,
263720,
106520,
187220,
215090,
080420,
101330,
033200,
029480,
038460,
226340,
121800,
086670,
122350,
053700,
054540,
000250,
063170,
011370,
037350,
081580,
036630,
084180,
099440,
033790,
013810,
033170,
048870,
002800,
307180,
056700,
243840,
123860,
125210,
143160,
099190,
101390,
032080,
065660,
260660,
148250,
238090,
255440,
030960,
102120,
041440,
101490,
031330,
109610,
052020,
058610,
200710,
043220,
224110,
089530,
038870,
064090,
067570,
031860,
310840,
048830,
156100,
073110,
033160,
226400,
080580,
052770,
155650,
251370,
114630,
215360,
037400,
114190,
018000,
011320,
069330,
049520,
258610,
123570,
016250,
134060,
001840,
158310,
189300,
175140,
041020,
071200,
068330,
950140,
110020,
208140,
045510,
095700,
033340,
072020,
051160,
013720,
094360,
016920,
900310,
263700,
317030,
192250,
217600,
045520,
044490,
084730,
033540,
214450,
170790,
123260,
131760,
087010,
290720,
053160,
075130,
054340,
166090,
106190,
025550,
039740,
021650,
045100,
066110,
204990,
092300,
064240,
126640,
290270,
024060,
238490,
224880,
183410,
186230,
163430,
238500,
267060,
279600,
126340,
215050,
271780,
258250,
210610,
103660,
122050,
276240,
311060,
221800,
241510,
066830,
229000,
221670,
136660,
227420,
239890,
212310,
015670,
003990,
006290,
067250,
092970,
001670,
014400,
010110,
002540,
088510,
010000,
000570,
028940,
005270,
028370,
004110,
004550,
029030,
083360,
089180,
080970,
082110,
002950,
000420,
094520,
002080,
002580,
029120,
001150,
029840,
104110,
016690,
006160,
028490,
080180,
082250,
004280,
008080,
045710,
006350,
010910,
001300,
004820,
003840,
007240,
011400,
101790,
091000,
034190,
011020,
139200,
103150,
028760,
025610,
009760,
008690,
000130,
003980,
016480,
015620,
009650,
001930,
009790,
036820,
130960,
126680,
031800,
022130,
037500,
051530,
037830,
033220,
037220,
047730,
042340,
014380,
016890,
026240,
024920,
007150,
007260,
013900,
035430,
091690,
011900,
056140,
110310,
035300,
067700,
034460,
035820,
094700,
034170,
038030,
038480,
030950,
123300,
015180,
009950,
033070,
019460,
900150,
035010,
086830,
078700,
019730,
045860,
078670,
066850,
039060,
020490,
032290,
032600,
042820,
033280,
053960,
054370,
055970,
123910,
037380,
043580,
042870,
074140,
054170,
056200,
043790,
054080,
039790,
058910,
039280,
003430,
066200,
041030,
034660,
026540,
021870,
038920,
042960,
035670,
007020,
073780,
068150,
038830,
027440,
053170,
015530,
052880,
067130,
218710,
032420,
032780,
034010,
035210,
066350,
089480,
038810,
235010,
040380,
060660,
065180,
036270,
204760,
035870,
034760,
038520,
013630,
036840,
204690,
207230,
082220,
198940,
079160,
012030,
005830,
007700,
007070,
234080,
009440,
032640,
066570,
010120,
071970,
002100,
000050,
009290,
030610,
007690,
073240,
000270,
025860,
006570,
003090,
000430,
006340,
024890,
005960,
002210,
084670,
008970,
030720,
163560,
115390,
286940,
005300,
204320,
000060,
268280,
014580,
026940,
011390,
005090,
028050,
272550,
002450,
004690,
004410,
002820,
000180,
033530,
027970,
005450,
003620,
004920,
002790,
267850,
033660,
001780,
025530,
900140,
007310,
079440,
025820,
007660,
129260,
081000,
015860,
033240,
000950,
025620,
030000,
035000,
010640,
011280,
019180,
010820,
153360,
152550,
010040,
000970,
161890,
123690,
014790,
042700,
213500,
009420,
195870,
143210,
079430,
010660,
032560,
298050,
093370,
005010,
069260,
245620,
079190,
900290,
067290,
035900,
218410,
255220,
246690,
217730,
198440,
049720,
215000,
035460,
190510,
130580,
111710,
072770,
065170,
069140,
017650,
307750,
020180,
021040,
067080,
139050,
075970,
088910,
187870,
196490,
079810,
197140,
042510,
141080,
215100,
060240,
039980,
197210,
305090,
141070,
133750,
065650,
001810,
095500,
265480,
059090,
214180,
142760,
065940,
066410,
299910,
100120,
066980,
090460,
042370,
065450,
100090,
009620,
309930,
038500,
307870,
019770,
003100,
123420,
171090,
067770,
053450,
051980,
154040,
159910,
277480,
108320,
010280,
037760,
225330,
260930,
025980,
127710,
054800,
214430,
114810,
185490,
059100,
027360,
001540,
293780,
097780,
103230,
060540,
080000,
237690,
050320,
067630,
239610,
071670,
182400,
128540,
290650,
009780,
204020,
259630,
036180,
080520,
039830,
057030,
101170,
065680,
018620,
240810,
299900,
136540,
241690,
048430,
056090,
060230,
053350,
078020,
052190,
024810,
041830,
079950,
037330,
017250,
108790,
019540,
123330,
033050,
036420,
044060,
204840,
018290,
219750,
018120,
085660,
900040,
078340,
221980,
250930,
089150,
225430,
256940,
224060,
101670,
060280,
040350,
114120,
083790,
237880,
053620,
066700,
246710,
131290,
062860,
054300,
060900,
263750,
043370,
016670,
022100,
189690,
141020,
023770,
131390,
064800,
261200,
317240,
053300,
025770,
310870,
030520,
070590,
226440,
042520,
024740,
079170,
102210,
220630,
053660,
065510,
010240,
271850,
285770,
233250,
281310,
222160,
067370,
267810,
266170,
158300,
058970,
225860,
216280,
121060,
252370,
101360,
189350,
180060,
228180,
068870,
012990,
003600,
102000,
114130,
004460,
001700,
003590,
010730,
003020,
003050,
110570,
028500,
021600,
015090,
005620,
029040,
029210,
007480,
000160,
011180,
012150,
003970,
008950,
080410,
016070,
000280,
001100,
004510,
072450,
018360,
017120,
034200,
028480,
011800,
009330,
029160,
028390,
016970,
083570,
024960,
016160,
006900,
122750,
028570,
024870,
028340,
008530,
069470,
006240,
004730,
005510,
008540,
149130,
093400,
093410,
063510,
121550,
086720,
017320,
007490,
028460,
000510,
025930,
003330,
007360,
098150,
117930,
003900,
007100,
020880,
038120,
013340,
032040,
037150,
035710,
056340,
052310,
042310,
008780,
021930,
009590,
025960,
219580,
031150,
011360,
015150,
055250,
204440,
033350,
044640,
024820,
230490,
128910,
013450,
039180,
047440,
036330,
053530,
067410,
048150,
064720,
046000,
035470,
035540,
034280,
215750,
002670,
067850,
043700,
034290,
035860,
018480,
025940,
022020,
004750,
003890,
023880,
056060,
084450,
021740,
037320,
066330,
042460,
051170,
037600,
041060,
033510,
031950,
070480,
046240,
048130,
044770,
052510,
037750,
032590,
047420,
031970,
026920,
053470,
052970,
022780,
022870,
194610,
123100,
016140,
056810,
040780,
046520,
037520,
036960,
050050,
038720,
018380,
023420,
052650,
013690,
025910,
038980,
073930,
015170,
035450,
021090,
221950,
017210,
041800,
056020,
226850,
020100,
048510,
038050,
033190,
017090,
036660,
070080,
079340,
123290,
005470,
019560,
027450,
017410,
219860,
039350,
031090,
066480,
123160,
156170,
085980,
179280,
232360,
250300,
139170,
006840,
155660,
175330,
001060,
119650,
030210,
058850,
051900,
034310,
004060,
009160,
018670,
077970,
000500,
214390,
012200,
002140,
017900,
005720,
003580,
004370,
023590,
000490,
128820,
000300,
001440,
003490,
003830,
069460,
002150,
004140,
083380,
282690,
092780,
014820,
000150,
011160,
025560,
003610,
003850,
101140,
006090,
006110,
145990,
010960,
011230,
001820,
000390,
075180,
014910,
001430,
003030,
029530,
004170,
003410,
008700,
005850,
023960,
009810,
002630,
001800,
118000,
077500,
102460,
007110,
007570,
044380,
003780,
001620,
029460,
002020,
039490,
015890,
005690,
010770,
017810,
000140,
025540,
002960,
007280,
011500,
008930,
004960,
014130,
052690,
088350,
000370,
003530,
086280,
069960,
267260,
001500,
227840,
013520,
133820,
081660,
306620,
032860,
028150,
078150,
095340,
099520,
044180,
035600,
058400,
160550,
053290,
030190,
019550,
232330,
161570,
052220,
014570,
053260,
036190,
151910,
087730,
225570,
104620,
270870,
119860,
004780,
025440,
027830,
006580,
120240,
003310,
035290,
033500,
060380,
079960,
023790,
030350,
203650,
066670,
263690,
131030,
033310,
084650,
038390,
108490,
067280,
218150,
035620,
208710,
086040,
036620,
093190,
018310,
291230,
038540,
263540,
100660,
012860,
046890,
234100,
252500,
091990,
053110,
043100,
230980,
086980,
236200,
192440,
131090,
001000,
257730,
187270,
222800,
036710,
160980,
115480,
074430,
083930,
149950,
069920,
226350,
175250,
196300,
052790,
092600,
019990,
217480,
065420,
007820,
234300,
039440,
043340,
039230,
045660,
086520,
173940,
950130,
092870,
256840,
208860,
206400,
069410,
058630,
143540,
900300,
014940,
010470,
052420,
241790,
039200,
031510,
232140,
032820,
115440,
046970,
215380,
101160,
076080,
036200,
203450,
054930,
023410,
056080,
246960,
041520,
063760,
088290,
035810,
090850,
092130,
096040,
277410,
083640,
048530,
094820,
174880,
217190,
096690,
137950,
067000,
000440,
208350,
053050,
096240,
042000,
214370,
083550,
064820,
089010,
094860,
045970,
102940,
051780,
023160,
182690,
037030,
091700,
194510,
009520,
214270,
003380,
221840,
004590,
101680,
053590,
047080,
077280,
002680,
034810,
084990,
048410,
039010,
061250,
134780,
050090,
205470,
243070,
084110,
189980,
323350,
178600,
302920,
200580,
206950,
258540,
189330,
189540,
223220,
251280,
224020,
044990,
207490,
140610,
224760,
208850,
240340,
220250,
215570,
217950,
303360,
242350,
008400,
001370,
015940,
011290,
028330,
017110,
084160,
192530,
005770,
006250,
010200,
012410,
028470,
007170,
005000,
015780,
029200,
006790,
013250,
003810,
121910,
008000,
021610,
083350,
078420,
080030,
093730,
080960,
001610,
010330,
009360,
029180,
018570,
013240,
000110,
005410,
012580,
014350,
016640,
000790,
013200,
081200,
081210,
081940,
035340,
028960,
029010,
038270,
001280,
005760,
073470,
002340,
900050,
015110,
015080,
029220,
051310,
013820,
000310,
016830,
018550,
093820,
006440,
003040,
014980,
007420,
028900,
042100,
011880,
036360,
054020,
039370,
037360,
065910,
008960,
223040,
054650,
036440,
015920,
215580,
000530,
047060,
078610,
046400,
090090,
037740,
033550,
043350,
045280,
035830,
041310,
079560,
066030,
036300,
037780,
035700,
040750,
008160,
053040,
035520,
052560,
000600,
014250,
053440,
052520,
045790,
027890,
082930,
043400,
030390,
073710,
081090,
038100,
057110,
053810,
051820,
023670,
047370,
065160,
217810,
019260,
046720,
008580,
049000,
054250,
045090,
039380,
900180,
025920,
900130,
052530,
036950,
045550,
219960,
041450,
034340,
073130,
001850,
013210,
086200,
011770,
900090,
062730,
027560,
037550,
018180,
053070,
045070,
045290,
043380,
065270,
057100,
037020,
045760,
232290,
192240,
063840,
260490,
001460,
000120,
011150,
004840,
058860,
000680,
285130,
000860,
009450,
017040,
037710,
001140,
083420,
011780,
001210,
004540,
000320,
001680,
117580,
016710,
003540,
009320,
015230,
083370,
005190,
170900,
002900,
004890,
011170,
002270,
138040,
008560,
012690,
006800,
002840,
007160,
041650,
200880,
017390,
011300,
019440,
016590,
002870,
004080,
123700,
003060,
006740,
012160,
070960,
004720,
095720,
021240,
000700,
072130,
008730,
214320,
139480,
000760,
006490,
023810,
013360,
003200,
103590,
226320,
006220,
100250,
000650,
033250,
006380,
281820,
145270,
033780,
264900,
055490,
047050,
007630,
103140,
033180,
086790,
172580,
159650,
015760,
161390,
003680,
016450,
025750,
006390,
003300,
005110,
000880,
010620,
004310,
126560,
011210,
005380,
011760,
241590,
000540,
003280,
265520,
045890,
091340,
036540,
040300,
168330,
212560,
092730,
290660,
137940,
065560,
054050,
040160,
093640,
048470,
290670,
077360,
194480,
263800,
067990,
006620,
094170,
013120,
109860,
025900,
060570,
217620,
105740,
069540,
060300,
228850,
071280,
038060,
085370,
058470,
219420,
098120,
093520,
072870,
058110,
096640,
149940,
018700,
086820,
267790,
046310,
225530,
006910,
263920,
043710,
027040,
122690,
035890,
014620,
053060,
100700,
039310,
108860,
036830,
269620,
012790,
138070,
122800,
050890,
222080,
900120,
060590,
058220,
050860,
068940,
052860,
124500,
013310,
053800,
131370,
140670,
123750,
117670,
042110,
095910,
069510,
050760,
230240,
101400,
066970,
036560,
122640,
053980,
173130,
057540,
123010,
066430,
193250,
079000,
046940,
038620,
142210,
032620,
287410,
313750,
321260,
115610,
067010,
223310,
039030,
181340,
035080,
064290,
101930,
043910,
147830,
054950,
035480,
038010,
119850,
115450,
007370,
278280,
180400,
307930,
258790,
073010,
039420,
032500,
027050,
183300,
015710,
066310,
214150,
054780,
095610,
089030,
054450,
091440,
200230,
215480,
177830,
047310,
094940,
220100,
035200,
137400,
006140,
149980,
126700,
066130,
034950,
281410,
052600,
092460,
265920,
060560,
115160,
076340,
243870,
288490,
086220,
086080,
232680,
092590,
162120,
236340,
149010,
271400,
224810,
234070,
262760,
278380,
247300,
299480,
199800,
217880,
202960,
226610
